11111111111111111111
11111111111111111111
10000000000011110z11
1000L000000001110000
1000L000000000rrrN00
10000000000000110000
10000000000000110011
10000000000000111111
10000000000000111111
10000N0000M000111111
11000000000000111111
11110001111111111111

00000000000000000000
00000000000000000000
0000000000000000s000
00000000000000000000
00000000000000000000
0000000000s000000000
00000000000000000000
00000000000000000000
00000000000000000000
00000000000000000000
0000s0s0000000000000
0000t000000000000000

4
7
1