11111111111111111111
00000011111111000000
0000001111111100D000
00D00011111111000000
00000011111111000000
00000011111111000000
00000011111111000000
00000011111111000000
0000E01111111100E000
10000011111111000001
110000110z0111000011
11100011000rrr000111

00000000000000000000
00000000000000000000
00000000000000000000
000b0000000000000000
00000000000000000000
0v00w0000000000vw000
00000000000000000000
00000000000000000000
00000000000000000000
00000000000000000000
00000000s0s000000000
00000000000000000000

15
2
1