11111111111110000001
11111111111110000001
11111111111110000d01
11111111111100000001
11111110000000111111
11111110D00001100011
1111111000000110z011
11111111111011111111
11111111111011100011
11111111111011100011
11111111111011110111
11111111111000000111

00000000000000000000
00000000000000010v00
00000000000000010000
0000000000000b000000
00000000000000000000
0000000000c0000bbb00
000000000000000s0s00
00000000000000000000
00000000000000000000
00000000000000000000
00000000000000001000
00000000000000000000

14
11
1