11111111111111111111
11111111111111111111
11111111111111111111
11111111111111111111
1110z111111111111111
1110Q011110000011111
1110001110QD0E011111
11100011100000011111
1110D011100000011111
11100011111111111111
11111111111111111111
11111111111111111111

00000000000000000000
00000000000000000000
00000000000000000000
00000000000000000000
00000000000000000000
00000000000000000000
00000000000000000000
0000v000000v0w000000
00000000000000000000
00000000000000000000
00000000000000000000
00000000000000000000

5
4
1