11111111111111111111
11111111111111111111
1111111110z011111111
11111111100001000001
11111111100000000001
11111111100000000001
11111111100000000001
11111111100000000001
1111111110000E0E0001
11111111100000000001
11111111100000000001
11111111110000000011

00000000000000000000
00000000000000000000
000000000s0s00000000
00000000000000000000
00000000000000b00b00
00000000000000000000
00000000000000b00000
00000000000000000w00
0000000000000000b000
00000000000000000000
0000000000000w000000
00000000000000000000

10
2
1