11111111111111111111
11111111111111111111
11111111111111111111
1111111100z011111111
11111111000001111111
11111111000000000011
1111111100000D000001
11111110000000D00000
11111100000000000000
11111100000000000000
11111100000000000000
11111100000000000000

00000000000000000000
00000000000000000000
00000000000000000000
000000000s0s00000000
000000000s0s00000000
00000000000000000000
00000000000000000000
00000000000000000000
00000000000000000000
00000000000000000000
0000000s0v0v0000s000
00000000000000000000

18
2
1