11110000011111111111
11110000011111111111
11110000011111111111
11110000011111111111
11100000001111001111
111000000000L00N0011
11100000001111001011
11110000011111111011
11110000011111111011
111100M0011111110001
11110000011111110z01
11110000011111110001

00000000000000000000
00000000000000000000
000000s0000000000000
00000000000000000000
00000000000000000000
00000000000000000000
0000b000000000000000
00000000000000000000
00000000000000000000
00000000000000000000
00000000000000000000
00000000000000000000

6
7
1