11111111111111111111
11111111111111111111
1111111L00001110z011
11111100000011100011
11000000000001110111
110000000000N0000111
11000000000001111111
11111110000000000111
11111111000000000111
1111111100M000000111
11111111100000000111
11111111111111111111

00000000000000000000
00000000000000000000
000000000000000s0s00
00000000000000000000
00000000000000000000
0000s000000000000000
000000000000b0000000
00000000000000000000
000000000000000z0000
00000000000000000000
00000000000000000000
00000000000000000000

10
7
1