11111111111111111111
11111111111111111111
11111111111111111111
10000000000011111111
10000000000001111111
10000000000000z01111
10000000000000001111
10000000d00000001111
10000000000000001111
10001111111111101111
11001111111111101111
11000000000000001111

00000000000000000000
00000000000000000000
00000000000000000000
000000000b0b00000000
0000c0000bb000000000
000000000b0bss0s0000
0000000000bb0s000000
0000000000bb000s0000
0000000000b0b0000000
00000000000000000000
00000000000000000000
000000000b0000000000

4
6
1