11111111111111111111
11111111111111111111
111111111111111110z1
11111100001111110001
11111000000111110011
11110yyyy00111111111
11110yyyy00r11000001
11110yyyy00111000001
11110yyyy00111000001
11110000000111000001
11111000000111000001
11111111111111111111

00000000000000000000
00000000000000000000
00000000000000000000
00000000000000000000
00000000000000000000
00000000000000000000
00000010000000000000
0000001100000000s000
000000000000000sbs00
0000000000000000s000
00000000000000000000
00000000000000000000

7
6
1