11111111111111111111
11111111111111111111
11111111111111111111
10000000111111111111
00000000000000000111
000000E000000z000111
00000000000000000111
10000000111000001111
11111111111000001111
11111111111111111111
11111111111111111111
11111111111111111111

00000000000000000000
00000000000000000000
00000000000000000000
0s0000ss000000000000
00000000000000000000
00w000000000s0s00000
00000000000000000000
0s000000000000000000
00000000000000000000
00000000000000000000
00000000000000000000
00000000000000000000

10
7
1