111111111111000000z0
11111111111100000000
11111111111100000000
11111111111100000000
111111111111000000D0
11111111111111000000
11111111111111100000
11111111111111110000
11111111111111111111
11111111111111111111
11111111111111111111
11111111111111111111

00000000000000000s0s
0000000000000v0b0000
0000000000000b000000
0000000000000000b0b0
00000000000000b0000b
000000000000000000b0
00000000000000000000
00000000000000000000
00000000000000000000
00000000000000000000
00000000000000000000
00000000000000000000

17
6
1