11111111111111111111
11111111111111111111
11111111111111111111
11000111111111111111
110L0111111111111111
11000000000000000001
11000000000000000001
11000000000000000011
11000000000000000111
110M0000000000001111
110000000000000N00z1
11000000000000000001

00000000000000000000
00000000000000000000
00000000000000000000
00000000000000000000
00000000000000000000
00000000000000000000
00000000000000000y00
0000000000000000A000
00000000000000000000
000000000s0000000000
00000000000000000s00
00000000000000bb0000

6
3
1