11111111111111111111
11111111111111111111
1111111111110z011111
10000001100000001111
00000001100000000111
00000001000000000111
00000010000000000111
10000110000000001111
11111111111111111111
11111111111111111111
11111111111111111111
11111111111111111111

00000000000000000000
00000000000000000000
000000000000s0s00000
00000t00000000000000
0t0000000000000t0000
00sbs000000000010000
0t00000s0000000t0000
00000000000000000000
00000000000000000000
00000000000000000000
00000000000000000000
00000000000000000000

10
7
1