11111111111111111111
11111111111111111111
11111111111111111111
11000011111111111111
110FF0001111111100z0
11100050111110000000
11110000111110000000
11111111111100000000
11111111110000000001
00000111100000000001
00000000000000000001
00000000000011111111

00000000000000000000
00000000000000000000
00000000000000000000
00000000000000000000
000x000000000000bs0s
00000000000000000000
00000000000000000000
000000000000b01x1000
000000000000b0010100
000000000000C0000000
001000000000b0000000
00000000000000000000

14
3
1