11111111111111111111
11001111111100111111
100000111100z0111111
10000000000001111111
10000001110001111111
00000011111111111111
00000001111110001111
00000000000000E01111
1L0M0001111110000111
11000011111111100111
11111111111111111111
11111111111111111111

00000000000000000000
00s000000000ss000000
0s00G000000s0b000000
000000F0000w00000000
0G000000000000000000
00000000000000000000
00000000000000000000
000000F0000000000000
000000000000000s0000
00000000000000000000
00000000000000000000
00000000000000000000

3
7
1