11111111111111111111
11111111111111111111
11111111111111111111
10000000111111111111
00000000111000000111
0000000011100z000111
00000000111000000111
10000000111000001111
11111111111000001111
11111111111111111111
11111111111111111111
11111111111111111111

00000000000000000000
00000000000000000000
00000000000000000000
0s0000ss000000000000
0000000b000000000000
0111000b0000s0s00000
00000000000000000000
0s000000000000000000
000000000000b0b00000
00000000000000000000
00000000000000000000
00000000000000000000

5
7
1