11111111111111111111
11111111111111111111
11000000000011111111
1100yyy0000011111111
1100yyy0000000111111
1100yyyy00000011z011
11100yyy000000110000
11110000000111110000
11111111111100111111
11111111111000001101
11111111111000000001
11111111111000001111

00000000000000000000
00000000000000000000
000000000s0s00000000
0000sss01b0000000000
0000sbs000000b000000
00000sss00b000000000
00000000000000000000
00000000000000000000
00000000000000000000
00000000000000000010
00000000000000000000
00000000000000000000

10
10
1