11111111111111111111
11111111111111111111
11111111111111111111
1111110z001111111111
11111000000111111111
11110000000111111111
111100C0000000000001
11110000000000000001
11110000000000yyyy01
111100A0000000yyyy01
111110000000000B0001
11111111111000000011

00000000000000000000
00000000000000000000
00000000000000000000
000000s0s00000000000
00000000000000000000
00000000000000000000
00000000000000000000
000000000000000100u0
0000000000000100t000
00000000000000000000
00000000000000000000
00000000000000000000

10
4
1